Gar-Zen Purchase/Transfer Prices
Appraised Value Minority Discount Discount in Lieu of Broker Net Price Gar-Zen Share
Zentil-Bratty Steeles Project
51 Hanlan Road 25,900,000 - 2,590,000 - 932,400 22,377,600 4,195,800
101 Hanlan Road 14,600,000 - 1,460,000 - 525,600 12,614,400 2,365,200
121 Hanlan Road 8,200,000 - 820,000 - 295,200 7,084,800 1,328,400
170 Hanlan Road 12,100,000 - 1,210,000 - 435,600 10,454,400 1,960,200
40 Gaudaur Road 18,200,000 - 1,820,000 - 655,200 15,724,800 2,948,400
4300 Steeles Avenue West 6,800,000 - 680,000 - 244,800 5,875,200 1,101,600
4350 Steeles Avenue West 2,900,000 - 290,000 - 104,400 2,505,600 469,800
12 Corrine Court 15,700,000 - 1,570,000 - 565,200 13,564,800 2,543,400
20 Corrine Court 16,600,000 - 1,660,000 - 597,600 14,342,400 2,689,200
210 Jacob Keffer Parkway 23,700,000 - 2,370,000 - 853,200 20,476,800 3,839,400
 144,700,000 - 14,470,000 - 5,209,200 125,020,800 23,441,400
Hanlan Road Partnership
140 Hanlan Road 29,000,000 - - 1,160,000 27,840,000 13,920,000
Pine Seven Office Park
4500-4610 Highway No. 7 West 35,800,000 - 3,580,000 - 1,288,800 30,931,200 1,473,098
Tilzen Properties
3645/3655 Keele Street 13,150,000 - - 526,000 12,624,000 5,049,600
145 Sheppared Avenue East 2,400,000 - - 96,000 2,304,000 921,600
TOTAL 225,050,000 - 18,050,000 - 8,280,000 198,720,000 44,805,698